image: amth_test_0.01.pgm
resolution: 0.010000
#origin: [-11.687977, -14.037730, 0.000000]
origin: [0,0,0]
negate: 0
occupied_thresh: 0.65
free_thresh: 0.196

