image: csal_20201006_0.01.pgm
resolution: 0.010000
#origin: [-2.823814, -7.789520, 0.000000]
origin: [0.0, 0.0, 0.0]
negate: 0
occupied_thresh: 0.65
free_thresh: 0.196

