image: csal_2023_03_27_0.01.pgm
resolution: 0.010000
#origin: [-10.890925, -7.745452, 0.000000]
origin: [0,0,0]
negate: 0
occupied_thresh: 0.65
free_thresh: 0.196

