image: csal_gl_2023_rb1_0.01.pgm
resolution: 0.010000
origin: [0,0,0]
#origin: [-9.180061, -8.792784, 0.000000]
negate: 0
occupied_thresh: 0.65
free_thresh: 0.196

