image: csal_atrium.pgm
resolution: 0.010000
origin: [-8.671616, -9.880291, 0.000000]
negate: 0
occupied_thresh: 0.65
free_thresh: 0.196

