image: temp_thmmy_lib3_0.01.pgm
resolution: 0.010000
#origin: [-2.062463, -6.674463, 0.000000]
origin: [0.0, 0.0, 0.0]
negate: 0
occupied_thresh: 0.65
free_thresh: 0.196

