image: amth_test_0.05.pgm
resolution: 0.050000
#origin: [-7.496880, -17.163913, 0.000000]
origin: [0,0,0]
negate: 0
occupied_thresh: 0.65
free_thresh: 0.196

