image: beyond4_0.01.pgm
resolution: 0.010000
#origin: [-4.133663, -10.105786, 0.000000]
origin: [0,0,0]
negate: 0
occupied_thresh: 0.65
free_thresh: 0.196

