image: csal_20201013_0.01.pgm
resolution: 0.010000
#origin: [-3.484059, -3.175377, 0.000000]
negate: 0
occupied_thresh: 0.65
free_thresh: 0.196
origin: [0.0, 0.0, 0.000000]
