image: csal_atrium_1_0.01.pgm
resolution: 0.010000
origin: [0,0,0]
#origin: [-10.054668, -9.032365, 0.000000]
negate: 0
occupied_thresh: 0.65
free_thresh: 0.196

