image: csal_atrium_2_0.01.pgm
resolution: 0.010000
#origin: [-9.512506, -9.172270, 0.000000]
origin: [0,0,0]
negate: 0
occupied_thresh: 0.65
free_thresh: 0.196

