image: csal_2022_12_19_0.02.pgm
resolution: 0.020000
#origin: [-9.619192, -7.622514, 0.000000]
origin: [0,0,0]
negate: 0
occupied_thresh: 0.65
free_thresh: 0.196

