image: csal_atrium_151_tags_0.01.pgm
resolution: 0.010000
#origin: [-7.982603, -10.547340, 0.000000]
origin: [0,0,0]
negate: 0
occupied_thresh: 0.65
free_thresh: 0.196

