image: mm_0.02.pgm
resolution: 0.020000
#origin: [-10.303136, -6.623285, 0.000000]
origin: [0,0,0]
negate: 0
occupied_thresh: 0.65
free_thresh: 0.196

